 'COORDS  '           7 'INTE'
           1           1           1           1           0           0
           0
 'CORNERS '          24 'REAL'
    4.8717949E+01    0.0000000E+00   -5.8826709E+02    9.7435898E+01
    0.0000000E+00   -5.8731360E+02    4.8571430E+01    5.0000000E+01
   -5.8926666E+02    9.7142860E+01    5.0000000E+01   -5.8828894E+02
    4.8717949E+01    0.0000000E+00   -5.6536835E+02    9.7435898E+01
    0.0000000E+00   -5.6436761E+02    4.8571430E+01    5.0000000E+01
   -5.6640948E+02    9.7142860E+01    5.0000000E+01   -5.6538495E+02
 'COORDS  '           7 'INTE'
           2           1           1           2           0           0
           0
 'CORNERS '          24 'REAL'
    9.7435898E+01    0.0000000E+00   -5.8731360E+02    1.4615384E+02
    0.0000000E+00   -5.8534467E+02    9.7142860E+01    5.0000000E+01
   -5.8828894E+02    1.4571428E+02    5.0000000E+01   -5.8626013E+02
    9.7435898E+01    0.0000000E+00   -5.6436761E+02    1.4615384E+02
    0.0000000E+00   -5.6231140E+02    9.7142860E+01    5.0000000E+01
   -5.6538495E+02    1.4571428E+02    5.0000000E+01   -5.6327423E+02
 'COORDS  '           7 'INTE'
           3           1           1           3           0           0
           0
 'CORNERS '          24 'REAL'
    1.4615384E+02    0.0000000E+00   -5.8534467E+02    1.9487180E+02
    0.0000000E+00   -5.8243152E+02    1.4571428E+02    5.0000000E+01
   -5.8626013E+02    1.9428572E+02    5.0000000E+01   -5.8326758E+02
    1.4615384E+02    0.0000000E+00   -5.6231140E+02    1.9487180E+02
    0.0000000E+00   -5.5926471E+02    1.4571428E+02    5.0000000E+01
   -5.6327423E+02    1.9428572E+02    5.0000000E+01   -5.6015533E+02
 'COORDS  '           7 'INTE'
           4           1           1           4           0           0
           0